#sdp.py
# GMT Wed Mar 22 19:41:18 2017
# 
0 2 3 4 5 7 8 10 12 14 16 17 19 26 27 28 30 31 35 45 47 48 49 50 52 53 54 55 63 74 75 83 84 85 86 90 94 95 98
1 7 9 11 13 15 17 23 24 26 29 32 33 34 36 37 39 40 41 43 51 56 58 59 62 66 67 68 69 70 73 76 78 79 80 81 82 85 87 91 93 99
2 3 4 7 8 12 16 19 22 25 28 30 32 45 47 48 49 50 52 53 57 60 61 63 64 68 71 72 74 83 86 90 92 94 95 98
3 5 10 12 18 26 30 31 35 38 42 43 44 45 48 49 50 52 53 54 60 61 63 71 72 74 75 83 86 92 94 95 98
4 5 6 7 8 10 12 16 18 19 22 28 30 31 35 38 42 44 45 47 48 50 52 54 57 58 60 64 71 72 74 75 77 84 86 92 94 95
5 6 7 8 10 14 18 19 22 26 28 30 31 35 38 42 43 45 49 50 54 55 58 60 61 63 64 72 74 83 84 86 89 90 92 94 95
6 9 12 14 16 18 19 26 27 28 29 35 38 42 44 45 48 49 50 54 57 60 63 64 68 71 72 74 75 83 86 90 91 92 94 95 98
7 8 10 12 14 19 26 27 28 30 33 35 38 40 44 47 48 49 50 53 54 55 60 61 62 63 71 72 75 77 83 84 92 94 98
8 9 10 12 22 26 27 28 30 31 34 35 38 42 47 49 50 55 57 61 63 64 71 74 75 77 83 86 90 94 98
9 11 13 15 17 20 24 25 28 29 33 36 37 40 41 46 56 58 59 62 65 66 67 69 70 73 76 78 79 80 81 82 85 87 89 93 95 96 97 99
10 11 12 14 16 17 18 26 28 30 31 35 38 44 45 47 48 49 50 51 52 53 54 55 57 61 63 67 71 74 75 83 84 86 92 94 95
11 15 17 21 24 25 29 32 33 34 36 37 39 40 41 43 46 48 51 56 58 61 62 65 66 68 70 73 78 80 82 85 87 88 89 91 99
12 14 18 19 24 26 27 28 30 31 35 38 41 44 45 47 48 49 50 52 53 54 55 57 59 60 61 63 64 65 71 74 83 86 90 94 95 96
13 20 21 24 25 37 39 40 41 43 46 51 58 62 65 67 68 69 70 73 76 79 80 81 82 84 85 87 89 91 93 96 99
14 15 16 17 18 22 26 27 28 30 31 35 36 38 42 47 48 50 52 53 57 60 61 63 71 74 75 80 84 86 90 91 92 94 95
15 20 21 23 25 29 33 34 40 43 44 55 56 58 59 65 67 69 70 76 79 82 85 87 88 89 91 93 96 97 99
16 18 22 26 27 28 30 31 34 35 38 42 44 47 49 50 54 55 60 61 63 64 65 70 71 72 75 77 84 90 92 94 98
17 20 21 23 24 25 32 33 36 39 40 41 43 54 56 58 59 62 65 66 67 68 69 70 75 78 79 80 81 85 88 89 91 92 93 97
18 22 23 26 27 30 31 35 38 42 44 48 49 50 52 57 61 63 64 67 68 71 72 77 83 84 86 88 94 98
19 29 30 38 42 44 50 53 55 60 63 68 71 72 75 77 83 84 86 90 92 95 98 99
20 21 24 25 29 32 33 34 36 39 40 41 46 56 58 59 66 67 68 69 73 76 77 78 79 80 81 82 85 88 91 93 96 99
21 23 25 29 32 33 34 36 37 39 41 43 46 56 62 65 66 67 68 72 73 78 79 80 81 82 87 88 89 93 96 99
22 25 27 28 30 31 35 38 40 42 43 47 48 52 53 57 60 64 71 72 74 75 78 83 84 89 90 92 94 98
23 24 25 29 32 33 34 46 55 58 59 62 65 66 67 68 69 70 74 77 79 81 82 87 89 93 94 97 99
24 25 27 32 36 37 38 40 41 43 58 59 62 66 68 69 70 73 75 76 78 79 82 85 87 88 89 91 93 99
25 29 30 33 37 39 40 46 50 51 56 57 58 59 62 65 66 67 69 70 73 76 78 79 80 82 87 88 89 93 97 99
26 28 30 38 42 44 45 48 49 52 53 54 55 60 61 63 64 71 72 74 77 83 84 89 90 91 92 94
27 28 35 38 40 43 45 47 50 52 53 54 55 61 63 64 72 74 75 77 83 84 90 94 98
28 30 31 38 41 48 49 50 52 53 54 55 57 60 61 63 64 74 75 77 84 86 90 94 98
29 32 33 34 36 39 40 41 43 45 46 51 58 59 66 67 69 70 73 76 78 79 81 82 85 87 88 91 92 96 97
30 31 35 38 42 44 45 47 50 53 55 57 60 63 64 71 72 74 75 78 86 90 93 95 96
31 38 42 44 45 47 48 49 52 53 54 55 57 60 63 64 71 74 75 77 81 84 86 87 90 91 94 95 98
32 33 34 36 37 39 40 41 43 46 50 51 56 65 67 68 69 70 76 78 79 80 81 82 87 91 93 96
33 34 36 39 41 43 46 51 52 56 58 59 62 69 70 73 75 76 80 81 82 85 87 96 99
34 36 39 41 43 46 51 59 62 67 68 69 70 73 76 79 80 81 85 87 88 89 93 96 97
35 36 38 42 47 48 49 50 53 60 63 64 71 72 74 75 84 86 90 94 95 98
36 37 39 40 41 46 51 56 62 65 67 68 69 70 73 75 76 79 80 88 91 93 97
37 39 41 43 46 52 59 62 65 68 69 70 79 80 85 87 88 89 90 91 93 96 97 99
38 44 45 46 47 48 49 50 52 53 54 55 60 61 63 64 71 74 77 83 86 88 92 98
39 40 41 43 51 56 59 62 65 67 68 69 70 73 76 78 80 81 82 85 88 89 91 93 96 97 99
40 52 56 61 64 67 68 69 70 73 79 80 81 82 85 87 88 89 91 93 97
41 46 52 56 59 60 62 65 67 68 69 70 73 76 78 79 80 81 82 85 87 88 89 91 93 95 96
42 44 45 48 52 53 54 57 60 61 63 64 68 72 74 77 81 83 84 92 94 95 98
43 46 51 52 56 57 58 62 65 66 67 68 69 73 76 78 79 81 85 87 89 93 97
44 45 47 48 49 51 52 55 60 61 63 64 71 75 77 80 84 90 92 94 98
45 47 48 51 52 53 54 55 57 59 60 61 63 64 65 67 71 74 75 77 83 84 86 90 92 94
46 51 56 58 59 61 62 65 66 67 68 69 70 73 76 78 81 82 85 87 88 89 93 95 97 99
47 48 49 50 51 52 53 54 55 57 60 61 62 63 64 71 72 74 75 83 85 90 92 95
48 49 50 52 53 54 55 59 60 63 64 65 66 68 71 74 75 77 79 82 83 86 90 92 94 95 98
49 50 52 53 54 57 61 64 71 74 83 84 94 95 98
50 52 53 54 55 61 64 66 70 71 79 81 83 84 90 91 92 94 95 96
51 53 59 65 66 67 68 69 70 73 76 78 79 81 82 88 89 91 93 94 96 97 99
52 53 54 56 57 60 63 71 72 74 75 83 86 90 92 93 94
53 54 55 58 60 64 71 72 73 74 75 77 83 84 86 90 92 94 98
54 57 60 61 64 71 74 75 77 83 84 86 92 95 98
55 57 60 61 63 64 74 75 77 83 86 90 95 98
56 58 59 62 65 66 67 69 70 76 78 79 80 82 85 88 89 94 96 99
57 60 61 64 75 84 90 92 94 95
58 59 65 66 67 68 69 71 73 78 79 80 81 82 83 90 93 96
59 65 66 67 69 70 73 76 78 79 80 81 82 85 88 89 93 96 97
60 63 64 72 77 80 83 84 86 90 92 93 94 98
61 64 71 72 75 76 77 84 86 90 92 94 95 98 99
62 65 67 68 69 70 73 78 79 80 85 88 89 93 96 97 99
63 64 70 72 74 77 84 86 90 92 94 98
64 71 72 77 83 84 90 93 94 95 98
65 66 67 69 70 73 77 80 82 87 88 89 91 93 99
66 67 68 76 79 80 82 83 85 87 89 90 91 93 97
67 68 69 78 79 81 85 87 88 91 93 96 97 99
68 69 70 72 73 76 78 79 81 82 87 88 91 96 97 99
69 70 73 74 75 76 78 79 80 81 82 83 85 88 93 96 97 98 99
70 76 78 79 82 85 87 88 91 93 96 97 99
71 72 74 75 77 83 86 90 92 93 94 95 99
72 74 75 83 84 90 93 95
73 76 78 79 80 82 87 88 89 91 96 97 99
74 77 84 94
75 77 83 88 94 98
76 78 79 80 81 85 87 91 93 96 97 99
77 83 84 86 90 92 98
78 80 81 82 85 88 91 93 97 98 99
79 80 81 85 87 89 92 93 96 97 99
80 81 82 85 87 88 93 96 97 99
81 82 85 88 93 96 97 99
82 84 85 87 88 89 93 96 97 99
83 84 90 92 94 95 98
84 86 87 90 91 92 94 97 98
85 87 88 89 90 91 96
86 90 92 95 98
87 88 89 93 95 96 99
88 89 93 97 99
89 93 96 97 99
90 92 94 95
91 92 93 96 99
92 94 95 98
93 96 98
94 95 98
95 97 98
96 97 99
97
98
99
